iter      cost      cost_change  |gradient|   |step|    tr_ratio  tr_radius  ls_iter  iter_time  total_time
   0  3.084921e+16    0.00e+00    1.42e+16   0.00e+00   0.00e+00  1.00e+04        0    5.20e-04    1.65e-03
   1  2.296360e+15    2.86e+16    1.86e+15   8.43e+02   9.28e-01  2.69e+04        1    6.93e-04    2.37e-03
   2  1.477478e+14    2.15e+15    2.28e+14   5.98e+02   9.38e-01  8.07e+04        1    4.78e-04    2.85e-03
   3  9.779483e+12    1.38e+14    2.81e+13   3.07e+02   9.39e-01  2.42e+05        1    4.77e-04    3.34e-03
   4  7.265685e+11    9.05e+12    3.61e+12   1.42e+02   9.43e-01  7.27e+05        1    4.77e-04    3.82e-03
   5  7.080417e+10    6.56e+11    5.76e+11   6.10e+01   9.43e-01  2.18e+06        1    4.75e-04    4.30e-03
   6  1.213238e+10    5.87e+10    1.17e+11   7.02e+01   9.06e-01  4.68e+06        1    4.78e-04    4.78e-03
   7  9.113912e+09    3.02e+09    3.88e+10   8.59e+01   4.51e-01  4.67e+06        1    4.77e-04    5.26e-03
   8  1.323980e+10   -4.13e+09    3.88e+10   1.07e+02  -1.34e+00  2.34e+06        1    1.10e-05    5.28e-03
   9  1.323980e+10   -4.13e+09    3.88e+10   1.07e+02  -1.34e+00  5.84e+05        1    1.10e-05    5.29e-03
  10  1.323977e+10   -4.13e+09    3.88e+10   1.07e+02  -1.34e+00  7.30e+04        1    1.12e-05    5.31e-03
  11  1.323953e+10   -4.13e+09    3.88e+10   1.07e+02  -1.34e+00  4.56e+03        1    1.00e-05    5.32e-03
  12  1.323530e+10   -4.12e+09    3.88e+10   1.07e+02  -1.34e+00  1.43e+02        1    1.00e-05    5.33e-03
  13  1.309795e+10   -3.98e+09    3.88e+10   1.06e+02  -1.30e+00  2.23e+00        1    1.00e-05    5.35e-03
  14  9.284501e+09   -1.71e+08    3.88e+10   7.18e+01  -6.20e-02  1.74e-02        1    1.10e-05    5.36e-03
  15  9.009151e+09    1.05e+08    3.70e+10   1.78e+00   9.77e-01  5.22e-02        1    4.79e-04    5.84e-03
  16  8.744192e+09    2.65e+08    3.22e+10   5.18e+00   9.30e-01  1.44e-01        1    4.77e-04    6.32e-03
  17  8.306902e+09    4.37e+08    2.27e+10   1.31e+01   7.89e-01  1.78e-01        1    4.77e-04    6.80e-03
  18  8.154702e+09    1.52e+08    1.54e+10   1.26e+01   5.92e-01  1.79e-01        1    4.79e-04    7.29e-03
  19  8.135564e+09    1.91e+07    1.19e+10   2.70e-01   9.55e-01  5.38e-01        1    4.78e-04    7.77e-03
  20  8.112002e+09    2.36e+07    5.71e+09   2.81e-01   8.90e-01  1.02e+00        1    4.78e-04    8.25e-03
  21  8.104588e+09    7.41e+06    1.42e+09   4.06e-01   8.23e-01  1.40e+00        1    4.76e-04    8.73e-03
  22  8.104556e+09    3.14e+04    5.45e+07   1.08e+00   3.18e-02  7.68e-01        1    4.78e-04    9.21e-03
  23  8.108070e+09   -3.51e+06    5.45e+07   3.28e+00  -1.06e+00  3.84e-01        1    1.10e-05    9.23e-03
  24  8.104983e+09   -4.27e+05    5.45e+07   2.06e+00  -1.88e-01  9.59e-02        1    1.12e-05    9.24e-03
  25  8.104033e+09    5.23e+05    1.51e+08   6.47e-01   6.64e-01  9.94e-02        1    4.77e-04    9.72e-03
Ceres Solver Report: Iterations: 26, Initial cost: 3.084921e+16, Final cost: 8.104033e+09, Termination: NO_CONVERGENCE
Initial angle: 0        tx: 0   ty: 0
Final angle: 42.5789    tx: 1247.01     ty: 508.376
sh: pause: command not found